0	0	3	0	0	0	7	1	22	36	36	10	36	38	0	14	0	0	22	22	0	0	0	22	0	32	32	24	0	3	29	0	0	3	0	32	22	0	0	38	
1	1	1	2	1	4	7	1	22	36	36	10	36	38	0	14	1	0	22	22	1	0	0	22	0	34	28	26	1	1	1	1	0	2	2	34	22	0	0	38	
3	2	2	2	2	4	2	2	22	36	36	14	36	38	32	14	21	23	2	22	21	3	2	2	32	34	2	26	2	2	2	2	2	2	2	34	2	2	32	38	
3	2	3	3	2	4	3	2	3	36	36	10	36	38	3	14	21	20	3	22	21	3	3	22	3	32	34	24	3	3	29	34	3	3	3	32	3	3	3	38	
4	4	4	2	4	4	7	4	22	36	36	10	36	38	32	14	4	4	22	22	4	4	0	22	32	34	4	26	4	4	4	2	2	4	4	34	22	2	32	38	
5	4	4	2	5	5	5	6	22	36	14	14	36	38	24	14	5	0	22	22	5	0	0	22	34	6	28	26	6	6	6	28	2	4	6	34	22	2	32	38	
1	7	6	6	7	6	6	6	22	34	14	14	34	34	24	14	21	23	6	22	21	3	6	2	34	6	28	26	6	6	6	28	6	6	6	34	6	6	34	34	
1	7	7	2	7	6	7	7	22	36	14	14	36	38	24	14	21	23	22	22	1	3	7	22	34	7	7	26	7	7	7	28	7	7	7	34	7	7	32	38	
22	0	22	8	0	0	22	22	8	8	11	8	8	8	15	9	8	18	8	8	18	20	8	8	8	13	15	15	8	8	31	25	36	36	8	38	8	36	8	8	
22	0	36	36	0	0	34	36	9	9	9	10	9	12	15	9	9	18	9	9	9	20	36	9	12	12	15	15	38	38	27	38	36	36	9	9	9	36	9	9	
22	0	36	36	0	6	34	34	11	10	10	10	10	12	10	10	10	18	10	10	10	22	36	10	14	24	10	10	24	24	10	26	36	36	24	14	10	36	14	12	
22	0	32	36	0	6	34	34	11	10	11	11	10	12	11	10	8	18	8	8	18	20	36	10	14	24	11	11	24	24	27	26	14	36	24	14	10	36	14	12	
22	0	36	36	0	0	34	36	12	12	12	10	12	12	15	12	12	18	12	12	12	22	36	12	12	12	27	13	12	12	31	38	36	36	12	38	12	36	12	12	
38	0	32	38	2	4	34	32	13	12	12	10	13	13	13	14	19	13	13	13	39	38	38	36	13	13	27	13	13	13	31	25	38	32	13	13	13	38	13	13	
14	0	32	14	2	6	34	34	9	15	14	14	15	14	14	14	19	14	14	13	39	38	38	36	14	24	14	14	24	24	27	26	14	32	24	14	14	38	14	14	
14	0	32	14	2	6	34	34	9	15	15	10	15	14	15	15	15	15	12	15	12	22	36	12	14	24	15	15	24	24	27	26	14	32	24	14	12	38	14	12	
16	16	3	21	16	16	3	2	16	16	16	8	16	19	13	16	16	16	19	16	16	16	23	17	39	17	27	19	35	35	31	17	16	32	35	17	17	17	39	19	
17	0	23	21	17	0	2	22	18	18	18	8	18	17	17	17	17	17	17	18	17	20	23	17	37	17	25	39	35	35	31	17	23	23	35	17	17	17	37	17	
22	0	18	18	0	0	18	22	18	18	18	8	18	18	18	12	19	18	18	18	18	20	18	18	39	37	27	39	18	28	31	37	18	18	35	37	18	18	39	18	
22	0	22	22	0	0	22	22	19	19	19	8	19	19	13	19	19	18	19	19	18	20	19	18	39	39	27	19	18	28	31	38	19	19	35	37	19	19	39	19	
20	20	3	21	20	20	3	1	18	20	20	8	20	39	39	12	20	20	20	18	20	20	23	20	38	23	25	38	35	21	31	23	21	21	35	23	20	23	20	20	
21	0	3	21	21	0	3	2	18	20	36	8	36	38	38	12	21	20	20	18	21	21	21	22	21	21	21	21	33	21	29	35	21	21	33	21	22	22	21	36	
22	0	22	22	0	0	22	22	22	36	36	10	36	38	38	12	17	23	22	22	23	22	22	22	22	22	35	22	35	33	31	35	22	22	35	22	22	22	22	36	
22	0	23	22	0	0	2	22	23	23	23	10	23	36	36	12	17	23	23	18	23	22	23	23	37	23	25	37	35	35	31	23	23	23	35	23	23	23	37	36	
24	0	32	24	2	6	34	34	24	12	14	14	24	24	24	14	19	37	39	39	38	24	24	37	24	24	27	24	24	24	31	25	24	32	24	24	39	24	24	24	
32	2	34	32	34	6	25	25	13	12	14	14	25	25	24	14	17	25	37	39	23	25	25	25	25	25	25	26	25	28	31	25	25	34	25	25	37	25	25	25	
32	28	26	34	26	6	28	26	9	15	26	26	13	27	26	26	19	25	39	27	23	26	35	25	27	26	26	26	26	28	26	26	26	34	26	26	39	25	25	27	
24	28	26	24	26	6	28	26	9	15	27	27	13	27	27	27	19	39	39	27	38	27	27	37	27	26	27	27	26	28	27	26	24	34	26	24	39	27	27	27	
28	28	28	28	28	6	28	28	28	38	14	14	28	28	24	14	17	35	28	18	23	33	35	35	28	28	28	26	28	28	31	28	35	28	28	28	37	35	28	28	
3	29	29	29	29	6	29	29	29	38	14	14	29	29	24	14	17	35	28	18	21	29	33	35	29	28	28	26	29	29	29	30	33	29	29	29	37	35	29	29	
3	30	30	29	30	6	30	30	13	15	30	27	38	25	27	27	17	31	37	39	23	29	35	31	25	31	30	30	31	30	30	30	35	29	29	31	37	31	31	38	
31	31	31	34	2	6	28	28	13	38	26	26	38	25	26	26	17	31	37	39	23	35	35	31	25	31	31	26	31	30	31	31	35	31	31	31	37	31	31	38	
32	0	32	32	2	4	32	32	36	36	36	14	36	38	32	14	32	23	32	32	21	32	32	32	32	32	32	24	35	33	31	35	32	32	35	32	32	32	32	38	
3	2	33	33	33	4	33	33	36	36	36	10	36	38	32	14	32	23	33	33	21	33	33	33	32	34	34	26	33	33	29	33	33	33	33	34	33	32	32	38	
34	2	34	34	34	6	34	34	34	34	14	14	34	34	24	14	17	35	37	37	23	33	35	35	34	34	34	26	34	34	29	34	35	34	34	34	37	35	34	34	
32	2	34	32	34	6	34	34	38	35	14	14	38	35	35	14	17	35	37	37	23	35	35	35	35	35	35	24	35	35	31	35	35	34	35	35	37	35	35	38	
22	0	36	36	0	0	36	36	36	36	36	10	36	36	36	12	17	36	36	36	36	22	36	36	39	37	27	39	35	35	31	37	36	36	35	37	36	36	39	36	
37	0	37	37	2	4	37	37	36	36	36	10	36	38	38	14	17	37	37	37	23	22	37	37	37	37	25	37	35	35	31	37	37	32	35	37	37	37	37	38	
38	0	32	38	2	4	34	32	38	38	14	14	38	38	38	14	19	37	39	39	38	38	38	37	38	38	25	38	38	38	31	38	38	32	38	38	39	38	38	38	
38	0	32	38	2	4	34	32	39	39	12	10	39	39	39	12	19	39	39	39	39	22	36	36	39	39	27	39	39	39	31	38	38	32	39	38	39	38	39	39	
